aiming:0.7097301717089125
coverage:0.7195421095666394
accuracy:0.7089125102207686
absolute_true:0.6974652493867539
absolute_false:0.10645952575633749

